camera_matrix:
- [2102.2866563429907, 0.0, 351.10800262762666]
- [0.0, 2143.0933455588524, 258.9263366000721]
- [0.0, 0.0, 1.0]
dist_coeff:
- [0.3989660995084795, 19.619944812547445, -0.025601975222321494, -0.0009589543548630592,
  -654.474602408924]
