<?xml version="1.0"?>
<opencv_storage>
<img_shape type_id="opencv-matrix">
  <rows>2</rows>
  <cols>1</cols>
  <dt>d</dt>
  <data>
    1600. 2400.</data></img_shape>
<rms>9.4575916128822151e+00</rms>
<cam_int type_id="opencv-matrix">
  <rows>3</rows>
  <cols>3</cols>
  <dt>d</dt>
  <data>
    5.4777269880122949e+03 0. 1.0356473398062883e+03 0.
    5.1924562267788669e+03 1.2946475289667692e+03 0. 0. 1.</data></cam_int>
<cam_dist type_id="opencv-matrix">
  <rows>1</rows>
  <cols>5</cols>
  <dt>d</dt>
  <data>
    -3.8776993922393799e+00 -3.6431264329964307e+01
    -6.6646665298667918e-02 3.4324980616138576e-02
    8.9823095323417408e+02</data></cam_dist>
<proj_int type_id="opencv-matrix">
  <rows>3</rows>
  <cols>3</cols>
  <dt>d</dt>
  <data>
    2.4769404556360628e+03 0. 1.4444232203976146e+03 0.
    2.5238235440272638e+03 2.4044538249481661e+03 0. 0. 1.</data></proj_int>
<proj_dist type_id="opencv-matrix">
  <rows>1</rows>
  <cols>5</cols>
  <dt>d</dt>
  <data>
    1.4676223255874524e-01 -2.3874462207601027e-01
    3.2341394200997492e-02 -6.4271811036530485e-03
    1.7503206333235460e-01</data></proj_dist>
<rotation type_id="opencv-matrix">
  <rows>3</rows>
  <cols>3</cols>
  <dt>d</dt>
  <data>
    -9.9166689707878608e-01 1.3667977728261976e-02
    1.2810133341597971e-01 1.5621195284752917e-02
    -9.7426163514217268e-01 2.2487828829830517e-01
    1.2787784599377597e-01 2.2500545032269723e-01 9.6592950251510201e-01</data></rotation>
<translation type_id="opencv-matrix">
  <rows>3</rows>
  <cols>1</cols>
  <dt>d</dt>
  <data>
    -1.1252278004090880e+02 -2.5964460084791949e+03
    -3.0072127539969342e+03</data></translation>
</opencv_storage>
