camera_matrix:
- [2111.9459878760663, 0.0, 1211.303004851526]
- [0.0, 2056.791266132785, 883.5525680549304]
- [0.0, 0.0, 1.0]
dist_coeff:
- [-0.40902425875354137, 2.4907600359565074, 0.04308535537312335, -0.0007311696637044627,
  -12.46139958749405]
